4999
3394
1236
1915
3855
3891
2134
2448
2948
2603
1624
1288
3470
3407
4906
4227
1863
4486
3195
4092
2360
4517
1568
319
4328
2118
2753
2051
389
1363
25
2471
1109
1262
4386
1316
1505
2872
3765
4454
1828
389
2094
298
3796
2000
877
2011
1487
424
2455
199
1294
4024
518
622
2494
4623
4026
2884
2339
4051
1707
3448
1665
1093
4765
3171
317
3530
2625
3497
271
4719
148
4067
3072
1025
2430
4559
2802
4886
1110
4096
3910
1628
1070
2756
1251
96
1992
3590
500
3699
3391
2165
1144
3156
1688
1462
3038
4313
4959
4661
385
107
3728
3457
2485
1158
4368
1639
2396
478
735
2658
3458
3157
415
4709
4606
2407
4652
106
1107
4395
3623
3603
3903
312
65
1941
977
1377
1602
1362
2836
1682
1171
1673
4192
539
3312
1589
2369
399
4247
827
3557
1014
1889
4515
3422
1541
973
881
2288
4596
4484
1191
1260
902
4484
2238
2279
1086
4952
1467
4120
2476
3141
4664
3015
1453
1253
385
1853
1853
2564
1762
2867
4453
1277
2641
2346
2250
3522
4634
3198
4359
825
4459
261
309
3049
3892
2747
3001
359
3219
477
4852
2884
4845
1306
489
1582
4511
2342
4146
2625
1562
4952
3902
4203
2298
2504
4078
3285
702
3437
4110
1513
50
772
4562
3942
3519
3916
653
3091
4393
506
975
590
3164
1464
2172
4027
159
2671
1652
3073
2623
1906
3628
1273
4410
2706
4558
1464
2495
3669
4330
2545
793
3892
2839
664
4160
3493
3755
3554
351
4730
496
3515
2547
2669
2542
4058
1692
546
2131
4315
2452
759
588
3214
4818
1499
1030
3665
168
360
1211
2313
605
402
2977
4765
3895
3085
4671
4246
4167
168
4113
1714
4189
3007
2124
881
3553
4255
1548
1005
1367
2136
571
2537
3635
2954
1202
155
3314
3765
3820
271
4168
1798
1389
4415
1235
2412
14
402
2580
4127
2117
3121
2135
593
4002
2040
4849
550
4398
2568
4039
4969
105
4026
2923
2659
534
2590
1425
4354
4213
1945
2504
602
1360
3739
4367
1374
4142
1947
1854
2611
1421
3989
3204
423
1029
4405
2326
427
3325
2717
1749
3430
1743
1024
2442
3629
3614
219
2984
4180
2164
1840
1134
4876
1932
501
1251
2426
3801
3105
1389
222
3446
945
645
827
351
4323
2607
3676
2040
4356
3459
136
380
2253
3765
347
2472
3101
4527
988
1294
661
864
3226
2515
3467
2004
1316
1572
3393
1538
1370
4338
3535
2198
1041
2859
4805
1070
1251
513
881
1387
2245
3134
1505
3944
1958
4606
4823
2946
2252
1837
3810
478
4352
2278
2482
668
202
2227
2206
2925
1566
2093
123
3959
4952
1280
29
2556
3145
2262
3943
1742
396
448
687
2354
1407
510
1652
3659
3699
1815
490
3051
4093
4324
3719
647
1552
2277
4924
4470
4371
1399
3429
675
4031
4811
3231
2176
2073
3527
3919
2470
327
958
1176
1734
2820
2829
1746
1520
996
3588
4571
1441
2912
4643
2088
4464
3272
2013
286
2643
4764
3716
3319
3796
3527
2902
972
600
1429
1243
4422
1757
2201
1951
4843
1374
1132
2941
2894
2128
1529
3817
3569
794
3460
2009
258
1733
374
1897
728
139
613
399
3935
492
3302
1259
2444
1083
2503
1867
4192
1056
170
4036
2430
1302
3329
1676
3430
1211
494
3351
2005
306
360
3615
3391
735
512
4120
874
2477
4519
1161
2969
4173
2420
1766
257
1275
3633
4449
3684
155
4837
1114
1457
3167
4143
1239
730
4637
4590
2735
1295
1302
1350
4687
2037
3215
3807
4263
692
4678
424
3662
3852
4197
428
4109
472
413
4910
4156
1920
4748
1623
3377
4267
766
968
4997
1755
1910
2732
3050
3212
434
2737
250
3649
2896
4513
4342
2575
1290
4356
1427
487
1136
536
959
2901
446
1468
4821
1546
3091
4550
813
209
518
2162
1964
3780
1246
1366
1992
1681
4104
3594
1682
3352
4460
2376
927
750
3084
2354
2589
4220
4242
4900
3473
1041
1368
3294
3939
4459
4196
1105
4668
1066
3267
2984
4846
4514
4351
1839
2547
4807
433
581
3159
4893
2958
439
1995
1042
4145
4584
1615
4740
4485
88
2133
853
4735
1072
1665
283
2177
2685
1350
1797
670
2548
2663
1373
739
210
1180
2525
2143
691
3770
101
1130
766
2496
276
1702
4111
16
2539
4199
2149
4745
286
4573
1410
570
1751
447
3272
4900
2469
820
2563
3842
1560
4125
1374
4085
1268
2066
2855
2722
4548
4973
218
4824
1676
4329
1192
4215
4880
4693
3960
1519
4267
1722
2089
2370
2170
361
2270
4639
1181
1185
4834
4093
310
1208
3178
2930
4626
2386
652
4175
2359
2222
351
387
2903
1544
955
2784
2589
4915
4303
1856
2990
2744
578
160
4457
2848
1151
1990
385
2337
1084
695
4898
614
4978
4524
3000
630
51
1712
4205
403
2099
2108
3299
3054
4892
888
4322
547
4097
2312
4643
4675
3824
4100
3876
1327
1091
4261
17
2175
1309
4915
2789
1287
791
2142
3269
843
3854
2474
2598
2305
4583
897
1712
827
3137
1034
2727
2234
4698
2370
3262
4874
2823
2138
1201
3914
2751
1218
2441
4060
2485
1582
347
3277
3724
4969
472
3930
3795
4422
1236
4730
1671
2948
558
4808
334
4637
3395
32
3359
1657
4906
1182
147
2459
1448
2898
30
241
1959
2515
1824
3658
2144
1900
4979
3968
831
3775
3390
3419
3505
1413
1367
415
1222
3053
1404
969
3085
4764
3978
4343
2298
4125
1802
99
3375
3184
340
1686
700
3516
1697
4196
417
1676
4517
2600
1803
4259
1019
1661
673
2386
3428
3247
1791
4833
4216
4876
949
3194
4219
3247
3671
2373
4698
3398
558
39
85
2610
4907
3134
3158
324
1162
2675
2924
2966
1935
3943
979
3960
2681
4407
2207
4472
4240
1423
700
